-8 136 194
98 198 242
94 124 287
81 153 227
127 171 235
111 129 146
124 172 270
45 72 277
56 258 267
93 202 268
122 126 296
-41 49 128
-36 73 199
1 179 202
106 280 287
90 213 231
55 67 284
-58 77 165
-4 35 186
145 207 247
42 211 221
68 259 290
85 179 288
63 201 261
55 194 221
-66 89 122
84 156 241
-15 101 166
142 208 223
65 130 233
-100 116 143
138 241 265
182 185 290
145 194 225
-22 109 147
-65 87 219
147 152 212
-76 77 171
58 215 293
79 150 227
54 186 230
66 212 287
-27 79 204
93 165 243
-61 114 157
-8 74 177
48 98 235
106 216 278
164 244 286
132 207 251
-63 72 150
66 173 295
216 257 269
30 216 216
-18 112 207
8 208 283
241 280 294
61 93 294
82 127 277
120 183 235
20 174 231
126 133 225
80 114 279
-12 91 170
-47 48 55
56 139 212
101 173 193
-6 53 271
-45 48 202
109 146 211
111 153 264
41 252 289
193 252 255
17 219 226
30 112 244
-68 73 92
-9 22 67
185 222 293
167 222 289
-48 136 166
-11 50 296
45 118 254
8 16 221
159 220 242
160 207 237
173 220 247
41 256 273
139 198 200
-4 112 175
18 226 272
38 209 274
208 253 293
133 178 228
78 105 275
52 262 296
29 224 269
177 274 299
78 124 216
149 187 289
-45 84 91
78 167 181
175 214 260
-40 59 247
54 182 184
27 145 218
102 192 200
89 141 179
160 194 219
-4 102 205
147 173 245
38 189 214
50 126 269
54 234 262
171 185 266
61 246 290
98 210 269
22 140 241
57 251 292
27 227 275
117 149 229
75 194 203
97 166 195
135 194 238
-94 97 111
91 133 195
-38 106 189
2 14 293
-5 107 137
-9 25 291
160 234 285
112 177 251
59 115 276
-60 113 113
35 141 276
52 162 167
-20 150 153
204 238 290
32 94 252
-6 21 94
80 112 207
149 265 270
106 190 294
19 239 280
-61 82 85
125 239 288
29 229 262
-62 133 156
23 185 206
55 154 277
97 163 275
151 232 265
173 179 271
198 216 292
176 191 202
103 177 284
16 202 264
35 122 272
113 210 270
76 251 261
-29 44 297
53 152 226
21 150 284
-40 73 107
-19 54 181
29 192 229
68 145 265
117 196 232
-11 99 144
136 190 222
156 221 293
139 176 267
37 117 289
-22 22 212
78 176 293
22 61 297
154 158 188
121 131 181
134 184 256
2 108 244
8 181 204
64 148 184
13 263 298
-23 31 253
74 236 298
10 119 254
46 189 206
-29 49 85
-10 37 164
-52 76 146
56 254 280
77 102 258
-24 40 259
67 141 209
102 272 279
175 214 285
-30 50 156
-72 76 88
-23 53 254
144 147 240
-9 17 82
19 195 215
-39 145 150
52 205 267
237 276 278
100 289 292
-51 73 77
-7 36 103
67 106 215
93 97 247
-26 108 166
236 245 299
92 98 243
78 192 233
67 154 195
155 193 295
67 217 257
84 136 182
179 223 276
114 134 282
125 197 254
-49 67 92
59 126 280
114 170 177
176 187 291
-65 71 237
104 126 228
107 156 280
91 113 254
217 246 297
99 278 290
51 148 289
23 264 298
125 270 272
-26 97 169
115 236 269
113 126 154
56 99 263
-8 75 84
1 58 180
-42 83 148
24 187 226
71 153 287
-49 136 163
-73 104 164
162 186 202
70 120 226
74 161 287
82 129 168
127 168 240
87 120 176
1 170 203
33 129 299
56 153 236
38 192 218
73 79 287
-34 95 238
-61 72 173
77 204 209
-103 120 136
88 125 262
-40 124 191
148 190 198
-45 55 141
80 126 192
108 128 294
38 188 223
-38 70 189
-35 95 212
62 200 281
117 280 287
46 193 220
1 11 18
11 176 280
53 228 247
47 71 261
-69 80 80
116 192 224
192 230 246
118 222 230
133 142 191
217 224 225
25 73 277
212 274 279
-5 55 178
39 134 293
23 210 276
-29 121 168
61 139 295
-29 64 91
49 148 194
100 106 228
71 105 261
-34 55 130
-85 112 170
31 139 233
70 181 247
-82 141 149
99 181 298
-12 117 232
86 107 198
30 157 239
77 210 225
24 115 289
-12 80 265
131 191 230
70 153 180
150 154 197
88 153 212
120 213 227
-27 95 140
71 136 271
-21 155 181
82 92 291
93 153 231
-15 19 97
47 189 282
57 149 197
-3 14 156
-82 108 134
-31 102 206
-19 64 258
18 122 255
-54 84 96
-27 155 175
60 227 241
-48 75 196
46 125 270
-57 116 175
-67 84 185
90 135 282
2 130 222
179 242 284
-42 109 117
151 205 216
92 94 220
145 187 188
39 168 224
-26 27 195
-8 84 131
50 220 281
145 160 280
65 144 264
7 78 294
134 194 214
105 148 283
83 127 180
-13 145 183
127 231 286
-51 94 111
155 174 286
-24 78 257
-70 76 194
223 243 279
26 109 270
197 240 250
72 256 290
194 210 293
7 256 288
277 285 288
69 125 229
30 231 271
61 212 259
69 95 252
-7 67 129
7 270 273
38 167 197
-65 83 125
-35 68 229
112 128 188
-20 43 248
-7 111 242
-26 45 118
92 98 248
-80 107 138
134 214 247
-25 29 97
-21 93 166
-7 150 174
-74 105 114
90 139 174
-41 116 185
177 228 297
20 192 287
-69 105 105
-36 128 186
217 242 281
2 209 257
-103 114 153
-63 68 220
-49 49 161
183 245 286
-7 42 59
120 196 234
237 257 288
135 173 276
4 186 284
67 154 174
44 157 295
-47 67 129
-6 75 266
51 120 243
48 245 266
81 103 287
237 242 283
124 127 239
70 168 169
-30 95 240
206 210 242
77 98 209
73 197 267
24 158 297
102 181 193
-29 115 228
92 162 222
135 208 216
36 110 283
24 271 285
-56 95 124
147 213 247
-59 133 149
-34 37 238
150 185 267
-27 75 244
-24 66 170
-40 92 151
27 249 264
-22 31 240
-95 112 150
40 232 239
57 151 227
90 161 276
-22 52 259
153 200 214
-54 71 145
110 125 195
44 259 276
265 273 280
38 157 196
-3 32 212
48 158 202
-38 48 73
96 135 170
233 265 294
166 248 274
103 274 275
168 265 273
55 85 288
5 188 265
58 192 299
1 133 250
-27 93 163
14 232 232
-7 82 150
-31 111 192
-67 71 120
182 218 263
82 86 214
14 81 275
99 173 191
132 175 209
69 210 233
-37 79 237
50 137 197
61 158 283
-76 122 150
251 266 297
113 168 198
-59 95 134
139 219 264
18 258 274
33 264 269
-76 138 154
86 149 245
91 239 274
-12 27 232
204 214 294
-25 63 248
73 90 259
-40 68 208
-76 116 147
81 193 244
39 76 277
98 255 263
-55 59 136
-15 73 124
-14 23 278
171 241 248
37 147 193
85 121 280
170 215 238
-70 83 130
49 89 267
-25 152 155
25 101 248
180 209 266
68 125 185
45 158 204
34 127 286
26 211 223
74 253 292
-19 75 159
145 280 288
-14 19 285
194 245 288
77 110 234
74 125 243
58 191 259
-20 59 275
67 118 208
58 186 273
85 186 298
-26 114 150
105 155 216
5 216 251
218 219 295
-18 105 138
127 137 172
147 175 247
-23 26 125
-57 60 252
-33 101 128
16 268 293
-27 101 103
190 204 242
125 146 160
202 260 266
111 139 295
-26 43 185
206 253 255
-86 122 142
-13 62 107
-72 78 170
49 144 298
-59 64 179
207 220 230
86 94 284
-38 146 151
52 172 248
14 188 190
11 192 264
-27 57 211
31 195 285
125 165 194
17 115 263
94 191 232
193 230 244
72 204 251
120 267 271
186 256 271
-60 63 247
41 155 220
187 192 275
-20 79 115
154 173 200
104 138 161
119 126 167
36 163 273
109 124 190
-77 104 177
-14 31 69
-28 74 206
153 185 216
84 164 297
162 180 244
190 286 294
57 216 274
94 173 208
52 203 218
-36 64 67
-27 64 83
135 246 267
-12 16 96
140 174 209
-22 41 73
164 165 193
-3 43 147
-54 81 222
119 246 274
122 149 238
141 149 180
105 136 274
72 190 259
105 226 253
39 202 216
66 138 173
51 140 195
11 190 294
31 224 267
-62 92 103
-13 19 273
-77 88 107
12 162 232
-63 94 110
226 236 266
-2 27 71
-32 51 55
-60 66 106
66 76 261
-50 61 243
-27 49 119
117 172 187
144 180 244
102 250 254
-71 115 123
85 103 256
83 126 169
-27 36 274
185 268 293
1 44 137
-5 115 125
54 119 290
-64 131 138
13 159 247
56 96 241
13 119 280
77 106 268
-6 39 150
126 155 172
110 168 270
180 235 236
123 217 273
1 23 140
-9 125 229
140 229 282
-45 85 192
-13 57 269
58 249 284
106 197 215
35 245 269
163 227 293
63 84 240
164 201 214
-51 56 68
95 147 213
35 204 278
152 175 251
26 260 264
20 96 296
224 255 293
-57 85 219
-20 46 69
46 206 227
27 194 299
-6 63 224
9 235 289
81 116 182
-13 69 220
-41 96 129
161 162 231
91 135 169
69 147 183
263 270 287
-43 44 97
66 159 249
-41 142 180
89 174 232
175 236 292
-14 109 211
63 179 241
221 228 252
82 205 289
1 67 86
12 252 261
125 138 148
213 243 263
169 247 292
25 88 278
68 213 287
54 154 230
92 144 225
8 257 272
-22 80 82
-13 71 242
-9 112 122
108 154 202
-30 35 106
-41 127 191
11 215 275
-2 121 185
24 275 284
-55 134 143
57 182 205
70 174 260
2 272 295
-63 110 143
110 117 194
20 196 252
73 182 198
88 267 279
112 164 246
-57 86 133
114 212 288
-8 14 187
40 200 298
-36 64 244
33 208 277
139 253 258
184 262 299
-34 48 237
263 274 280
85 125 224
-38 114 158
81 235 237
24 237 264
-51 78 205
21 224 297
24 150 217
159 167 224
191 200 241
130 274 286
152 167 195
-91 121 153
-38 66 88
5 210 255
56 138 248
35 243 278
188 197 296
50 196 197
177 274 274
23 231 293
-31 35 98
147 150 196
159 212 285
125 183 199
49 130 265
208 273 297
78 145 254
-29 53 213
29 99 282
52 135 263
112 152 295
125 160 290
-54 105 147
118 181 260
-33 108 131
-45 55 204
98 204 219
-21 92 188
-24 78 96
174 281 296
103 263 279
199 212 288
15 224 246
-77 116 119
86 138 153
73 125 222
72 164 182
121 164 229
-9 50 117
124 169 179
-38 58 132
-28 91 122
6 10 243
160 185 279
70 204 258
1 48 188
41 136 234
144 220 286
11 198 287
208 229 252
214 236 238
120 162 214
99 161 288
-6 12 163
76 78 274
88 141 236
93 176 254
56 203 229
-32 54 202
82 210 257
140 230 242
149 158 282
-13 142 192
-57 73 220
127 146 225
56 136 238
73 192 221
-12 27 210
85 188 298
174 198 242
41 234 252
-42 134 181
99 141 244
213 229 255
-23 55 99
-14 42 106
82 174 196
-41 98 168
124 222 227
127 154 258
45 66 276
54 149 179
172 259 294
-4 89 212
-70 147 159
66 206 240
58 106 234
4 187 268
227 249 290
101 225 259
242 270 290
-11 32 146
30 168 263
-41 71 250
-64 103 144
-39 55 224
89 93 271
-39 41 263
59 133 252
117 163 246
-34 109 151
46 227 230
-6 43 49
96 159 268
74 276 282
41 205 245
-64 130 160
-47 125 142
10 120 265
33 138 222
-13 48 228
100 141 188
156 198 271
101 154 206
37 130 216
56 265 296
90 270 270
-33 71 247
-53 123 129
90 106 197
-27 45 276
37 182 197
-13 47 285
-68 72 136
64 166 187
-3 55 223
91 206 207
-29 29 189
12 225 278
202 272 273
-13 83 150
118 245 289
-11 47 91
103 183 228
73 227 248
127 165 285
156 213 296
168 212 235
130 186 235
-80 89 118
-27 37 48
-7 67 247
166 266 275
122 216 240
10 165 208
50 138 225
69 246 266
17 212 298
33 242 297
115 175 248
5 80 287
39 137 209
187 194 262
190 219 231
148 181 268
-56 58 129
-16 65 131
-87 104 126
-63 99 117
128 142 157
133 185 220
4 187 297
53 194 279
183 231 254
12 182 183
46 199 235
35 132 223
35 119 292
207 247 261
139 146 269
-77 109 156
-56 84 85
117 287 293
-13 14 93
174 196 280
73 134 295
36 143 290
66 101 224
-3 111 187
22 120 256
-4 85 160
94 144 155
138 190 295
56 77 284
-6 58 109
129 273 276
-53 63 231
-14 38 206
189 264 270
42 132 251
199 201 232
43 140 252
-41 111 146
-16 87 170
139 212 282
215 228 292
211 256 289
129 152 292
86 149 222
79 119 251
25 200 284
60 124 232
29 155 244
-21 104 163
128 185 285
229 249 282
135 220 230
110 120 187
50 185 263
67 197 238
38 253 297
-58 75 167
79 111 270
56 177 267
87 94 299
-5 44 52
86 155 206
159 175 192
164 185 235
82 176 189
244 255 263
12 199 293
1 167 250
90 241 261
-9 11 207
189 201 258
-24 47 258
4 143 266
55 137 266
102 120 249
175 194 244
39 119 250
97 163 240
-11 51 190
157 238 296
-21 114 211
203 217 227
111 185 222
78 159 273
23 100 271
-39 94 175
150 198 237
53 158 243
75 215 284
101 134 168
-14 97 208
-3 56 125
171 227 245
-53 151 155
182 215 258
-2 23 140
-17 132 196
33 215 282
-60 78 172
1 97 290
-29 85 120
121 142 151
153 167 276
-40 112 116
-29 108 148
109 119 185
88 192 277
266 278 297
123 261 264
134 146 174
89 185 249
-24 37 220
-5 105 214
202 205 256
177 205 225
121 256 273
-32 62 188
24 137 270
119 170 219
202 209 266
1 151 279
53 77 293
-14 52 249
103 165 241
-40 58 95
128 139 253
110 132 179
84 151 170
-19 75 272
-42 91 171
121 229 294
72 124 218
92 116 226
-26 58 241
83 182 224
